R 680 460
C 100,100,0
NO ./textures/wall_1.xpm
SO ./textures/wall_2.xpm
WE ./textures/wall_3.xpm
EA ./textures/wall_4.xpm
11111111111111111111111111
10000000000000000000000001
10000000000000000000000001
10000000000000000000000001
10000000000000000000000001
10000000000000000000000001
10000000000000000000000001
10000000000000000000000001
10000000000000000000000001
10000000000000000000000001
10000000000001000000000001
10000000000000000000000001
10000000000000000000000001
10000000000000000000000001
10000000000000000000000001
1000000000000N000000000001
10000000000000000000000001
10000000000000000000000001
10000000000000000000000001
10000000000000000000000001
10000000000000000000000001
11111111111111111111111111
